"TOA5","RovingBox","CR1000","84402","CR1000.Std.31","CPU:AllenMill_09202023_hourly.CR1","15751","Test"
"TIMESTAMP","RECORD","BattV_Min","PTemp_C","pH","CO2","cDOM"
"TS","RN","Volts","Deg C","","ppm","ppbQS"
"","","Min","Smp","Smp","Smp","Smp"
"2023-09-20 13:00:00",0,13.03,32.04,"NAN",312.4748,54.28825
"2023-09-20 14:00:00",1,12.98,32.08,8.9764,3255.624,51.94216
"2023-09-20 15:00:00",2,12.98,31.33,9.0928,3641.718,49.36369
"2023-09-20 16:00:00",3,12.97,30.46,9.0734,4016.361,46.6516
"2023-09-20 17:00:00",4,12.97,29.42,9.054001,4449.898,41.46925
"2023-09-20 18:00:00",5,12.97,28.33,9.015201,4968.508,38.72372
"2023-09-20 19:00:00",6,12.96,27.06,8.9764,5534.561,36.63775
"2023-09-20 20:00:00",7,12.95,26.25,8.957001,6077.71,35.24478
"2023-09-20 21:00:00",8,12.94,25.89,8.9376,6534.152,33.25835
"2023-09-20 22:00:00",9,12.93,25.49,8.9182,6933.334,31.60044
"2023-09-20 23:00:00",10,12.93,24.92,8.9182,7234.357,30.42536
"2023-09-21 00:00:00",11,12.92,24.45,8.898801,7427.404,29.77634
"2023-09-21 01:00:00",12,12.92,24.07,8.898801,7595.911,29.00655
"2023-09-21 02:00:00",13,12.92,23.64,8.898801,7715.338,28.58633
"2023-09-21 03:00:00",14,12.91,23.15,8.898801,7838.038,27.8795
"2023-09-21 04:00:00",15,12.9,22.7,8.898801,7923.109,27.31084
"2023-09-21 05:00:00",16,12.9,22.33,8.898801,7885.481,27.04921
"2023-09-21 06:00:00",17,12.89,22.03,8.898801,7813.498,26.74981
"2023-09-21 07:00:00",18,12.89,21.75,8.898801,7800.41,26.39263
"2023-09-21 08:00:00",19,12.89,22.47,8.898801,7741.514,26.16608
"2023-09-21 09:00:00",20,12.89,25.49,8.898801,7319.428,26.02769
"2023-09-21 10:00:00",21,12.89,27.69,8.9376,6885.891,26.13553
"2023-09-21 11:00:00",22,12.91,33.17,8.957001,6571.78,25.76566
"2023-09-21 12:00:00",23,12.91,30.95,9.015201,6185.686,25.56443
"2023-09-21 13:00:00",24,12.91,31.4,9.0346,5631.084,25.7103
"2023-09-21 14:00:00",25,12.92,34.04,9.0928,5184.459,26.22093
"2023-09-21 15:00:00",26,12.92,32.66,9.112201,4857.26,26.33665
"2023-09-21 16:00:00",27,12.92,32.48,9.0928,4736.197,26.30899
"2023-09-21 17:00:00",28,12.91,29.78,9.054001,4991.412,26.22104
"2023-09-21 18:00:00",29,12.91,28.69,9.015201,5438.038,26.34444
"2023-09-21 19:00:00",30,12.9,27.47,8.9764,6125.154,26.27166
"2023-09-21 20:00:00",31,12.89,26.37,8.957001,6691.208,26.49053
"2023-09-21 21:00:00",32,12.89,25.73,8.9182,7088.753,26.53087
"2023-09-21 22:00:00",33,12.88,25.07,8.9182,7414.316,26.45296
"2023-09-21 23:00:00",34,12.87,24.33,8.9182,7631.903,26.5184
"2023-09-22 00:00:00",35,12.87,23.7,8.9182,7764.418,26.72718
"2023-09-22 01:00:00",36,12.86,23.12,8.9182,7777.506,26.54601
"2023-09-22 02:00:00",37,12.86,22.64,8.9182,7739.878,26.49067
"2023-09-22 03:00:00",38,12.84,22.22,8.9182,7752.966,26.50825
"2023-09-22 04:00:00",39,12.84,21.95,8.9182,7754.603,26.87068
"2023-09-22 05:00:00",40,12.83,21.56,8.9182,7728.426,26.88321
"2023-09-22 06:00:00",41,12.83,21.21,8.9182,7667.895,27.01147
"2023-09-22 07:00:00",42,12.82,21.02,8.9182,7644.991,27.3737
"2023-09-22 08:00:00",43,12.83,25.25,8.9182,7499.388,27.44668
"2023-09-22 09:00:00",44,12.83,26.37,8.9182,6993.866,27.26007
"2023-09-22 10:00:00",45,12.83,26.56,8.9376,6740.287,27.30547
"2023-09-22 11:00:00",46,12.84,31.9,8.9764,6485.072,29.39054
"2023-09-22 12:00:00",47,12.84,29.38,9.015201,6038.447,29.45574
"2023-09-22 13:00:00",48,12.84,29.58,9.0734,5460.941,30.63799
"2023-09-22 14:00:00",49,12.84,31.69,9.112201,5027.404,30.0016
"2023-09-22 15:00:00",50,12.84,30.67,9.112201,4749.285,29.77528
"2023-09-22 16:00:00",51,12.85,31.55,9.112201,4644.582,30.57769
"2023-09-22 17:00:00",52,12.84,29.75,9.0734,4858.896,28.53277
"2023-09-22 18:00:00",53,12.84,28.3,9.0346,5244.991,28.02725
"2023-09-22 19:00:00",54,12.83,26.44,8.995801,5848.671,27.57984
"2023-09-22 20:00:00",55,12.83,24.75,8.957001,6486.708,27.53466
"2023-09-22 21:00:00",56,12.82,23.35,8.9376,6895.707,27.5373
"2023-09-22 22:00:00",57,12.81,22.25,8.9182,7209.817,27.49202
"2023-09-22 23:00:00",58,12.8,21.21,8.9182,7330.88,27.52218
"2023-09-23 00:00:00",59,12.79,20.37,8.9182,7415.952,28.49096
"2023-09-23 01:00:00",60,12.78,19.55,8.9182,7451.944,28.01283
"2023-09-23 02:00:00",61,12.77,18.84,8.9376,7368.508,27.71367
"2023-09-23 03:00:00",62,12.77,18.17,8.9376,7307.977,27.7542
"2023-09-23 04:00:00",63,12.76,17.54,8.9376,7270.349,27.73164
"2023-09-23 05:00:00",64,12.75,16.96,8.9376,7258.896,27.71906
"2023-09-23 06:00:00",65,12.74,16.61,8.9376,7222.905,27.54545
"2023-09-23 07:00:00",66,12.74,16.44,8.9376,7186.913,27.56054
"2023-09-23 08:00:00",67,12.74,21.84,8.9376,7126.381,27.6787
"2023-09-23 09:00:00",68,12.76,24.25,8.9376,6776.279,28.29448
"2023-09-23 10:00:00",69,12.76,25.01,8.957001,6524.336,28.12583
"2023-09-23 11:00:00",70,12.77,31.72,8.9764,6246.218,28.81708
"2023-09-23 12:00:00",71,12.78,29.12,9.0346,5847.036,28.42946
"2023-09-23 13:00:00",72,12.78,29.25,9.0734,5233.539,28.30122
"2023-09-23 14:00:00",73,12.79,31.26,9.1316,4773.825,28.23074
"2023-09-23 15:00:00",74,12.79,30.6,9.112201,4557.874,28.2836
"2023-09-23 16:00:00",75,12.79,31.55,9.0928,4593.866,27.99181
"2023-09-23 17:00:00",76,12.79,29.72,9.054001,4932.516,28.27609
"2023-09-23 18:00:00",77,12.79,27.98,9.015201,5498.569,27.82862
"2023-09-23 19:00:00",78,12.78,25.98,8.9764,6377.097,27.66538
"2023-09-23 20:00:00",79,12.77,24.42,8.957001,6944.786,27.69079
"2023-09-23 21:00:00",80,12.77,23.18,8.9376,7402.864,27.4291
"2023-09-23 22:00:00",81,12.76,22.14,8.9182,7487.936,27.51465
"2023-09-23 23:00:00",82,12.75,21.34,8.9182,7463.396,27.80893
"2023-09-24 00:00:00",83,12.74,20.72,8.9376,7450.308,27.68077
"2023-09-24 01:00:00",84,12.74,20.18,8.9376,7393.048,28.21412
"2023-09-24 02:00:00",85,12.73,19.7,8.9376,7404.5,27.77637
"2023-09-24 03:00:00",86,12.73,19.26,8.9376,7393.048,27.82414
"2023-09-24 04:00:00",87,12.72,18.87,8.9376,7402.864,27.81937
"2023-09-24 05:00:00",88,12.71,18.51,8.9376,7379.96,27.55774
"2023-09-24 06:00:00",89,12.71,18.23,8.9376,7379.96,27.53774
"2023-09-24 07:00:00",90,12.71,18.07,8.9376,7391.412,27.42462
"2023-09-24 08:00:00",91,12.71,23.35,8.9376,7379.96,27.7061
"2023-09-24 09:00:00",92,12.72,25.89,8.9376,7249.081,28.0578
"2023-09-24 10:00:00",93,12.72,26.53,8.957001,6992.23,28.03481
"2023-09-24 11:00:00",94,12.74,33.51,8.9764,6607.772,28.29116
"2023-09-24 12:00:00",95,12.74,31.02,9.0346,6051.535,28.31123
"2023-09-24 13:00:00",96,12.75,32.01,9.0734,5339.878,28.38669
"2023-09-24 14:00:00",97,12.75,31.9,9.1316,4809.816,28.20564
"2023-09-24 15:00:00",98,12.75,32.37,9.112201,4667.485,28.23328
"2023-09-24 16:00:00",99,12.76,33.32,9.0734,4881.8,28.44959
"2023-09-24 17:00:00",100,12.75,30.84,9.0734,5112.475,28.4496
"2023-09-24 18:00:00",101,12.74,29.05,9.0346,5580.369,28.17314
"2023-09-24 19:00:00",102,12.74,27.15,8.9764,6462.168,28.28156
"2023-09-24 20:00:00",103,12.73,25.55,8.957001,7052.762,28.18376
"2023-09-24 21:00:00",104,12.73,24.19,8.9376,7355.42,27.92974
"2023-09-24 22:00:00",105,12.72,23.12,8.9376,7607.363,27.81396
"2023-09-24 23:00:00",106,12.71,22.25,8.9376,7741.514,27.99768
"2023-09-25 00:00:00",107,12.7,21.45,8.9376,7839.674,28.12852
"2023-09-25 01:00:00",108,12.7,20.83,8.9376,7995.093,27.88947
"2023-09-25 02:00:00",109,12.69,20.02,8.9376,8068.713,28.08323
"2023-09-25 03:00:00",110,12.69,19.44,8.9376,8055.625,27.94517
"2023-09-25 04:00:00",111,12.68,18.89,8.9376,7996.729,28.26732
"2023-09-25 05:00:00",112,12.67,18.4,8.9376,7885.481,28.04364
"2023-09-25 06:00:00",113,12.67,18.02,8.9376,7790.594,28.2097
"2023-09-25 07:00:00",114,12.67,17.82,8.9376,7682.619,28.13425
"2023-09-25 08:00:00",115,12.67,23.58,8.9376,7501.023,28.1038
"2023-09-25 09:00:00",116,12.68,26.37,8.9376,7160.737,27.94696
"2023-09-25 10:00:00",117,12.69,27.47,8.957001,6751.739,29.77565
"2023-09-25 11:00:00",118,12.69,30.12,8.995801,6293.662,28.93517
"2023-09-25 12:00:00",119,12.7,30.67,9.0346,5786.504,29.65702
"2023-09-25 13:00:00",120,12.71,30.91,9.0928,5194.275,29.35764
"2023-09-25 14:00:00",121,12.71,30.74,9.112201,4786.913,29.252
"2023-09-25 15:00:00",122,12.7,27.91,9.0734,4907.976,29.01329
"2023-09-25 16:00:00",123,12.7,26.28,9.015201,5655.625,29.41861
"2023-09-25 17:00:00",124,12.7,25.79,8.995801,6859.715,29.31585
"2023-09-25 18:00:00",125,12.69,25.58,8.9764,7414.316,29.14483
"2023-09-25 19:00:00",126,12.69,25.19,8.9764,7896.934,29.05676
"2023-09-25 20:00:00",127,12.68,24.92,8.9376,8366.463,28.97887
"2023-09-25 21:00:00",128,12.68,24.84,8.9182,8801.638,29.12971
"2023-09-25 22:00:00",129,12.68,24.54,8.9182,9187.731,29.32843
"2023-09-25 23:00:00",130,12.68,24.22,8.9182,9513.294,29.10722
"2023-09-26 00:00:00",131,12.68,24.04,8.9182,9547.649,29.14487
"2023-09-26 01:00:00",132,12.67,23.93,8.9376,9598.365,29.1801
"2023-09-26 02:00:00",133,12.67,23.78,8.9182,9537.834,29.52227
"2023-09-26 03:00:00",134,12.67,23.67,8.9182,9549.285,29.27063
"2023-09-26 04:00:00",135,12.67,23.52,8.9182,9573.825,29.56753
"2023-09-26 05:00:00",136,12.66,23.41,8.9182,8644.582,29.33113
"2023-09-26 06:00:00",137,12.66,23.24,8.9182,7281.801,29.24551
"2023-09-26 07:00:00",138,12.66,23.21,8.9182,6233.13,29.35363
"2023-09-26 08:00:00",139,12.66,23.52,8.9182,5570.553,29.34111
"2023-09-26 09:00:00",140,12.66,25.67,8.9182,4520.246,29.35106
"2023-09-26 10:00:00",141,12.66,27.25,9.0346,3363.6,29.3354
"2023-09-26 11:00:00",142,12.67,29.45,9.015201,652.7608,29.41047
"2023-09-26 12:00:00",143,12.67,29.65,9.054001,605.3171,29.18156
"2023-09-26 13:00:00",144,12.67,25.7,9.0928,2787.73,30.61079
"2023-09-26 14:00:00",145,12.66,23.99,9.015201,4642.945,30.3198
"2023-09-26 15:00:00",146,12.65,23.7,8.9182,6028.631,29.76132
"2023-09-26 16:00:00",147,12.65,23.99,8.860001,7270.349,29.59277
"2023-09-26 17:00:00",148,12.65,24.48,8.8794,8065.441,29.48195
"2023-09-26 18:00:00",149,12.65,24.01,8.9376,8283.027,29.53477
"2023-09-26 19:00:00",150,12.64,23.38,8.9376,7694.071,29.36877
"2023-09-26 20:00:00",151,12.64,22.92,8.9182,6751.739,29.4268
"2023-09-26 21:00:00",152,12.64,22.7,8.9182,5246.626,29.56763
"2023-09-26 22:00:00",153,12.63,22.56,8.9182,3015.133,29.01657
"2023-09-26 23:00:00",154,12.63,22.45,8.9182,1894.479,29.21278
"2023-09-27 00:00:00",155,12.63,22.36,8.9182,1472.393,29.13497
"2023-09-27 01:00:00",156,12.63,22.39,8.9182,1339.877,29.23552
"2023-09-27 02:00:00",157,12.62,22.39,8.9182,1606.544,29.50216
"2023-09-27 03:00:00",158,12.62,22.47,8.9182,1653.988,29.18507
"2023-09-27 04:00:00",159,12.62,22.61,8.9182,1544.376,29.32354
"2023-09-27 05:00:00",160,12.62,22.73,8.9182,1496.933,29.59264
"2023-09-27 06:00:00",161,12.62,22.78,8.9182,1532.925,29.43171
"2023-09-27 07:00:00",162,12.62,22.59,8.9182,1279.346,29.86435
"2023-09-27 08:00:00",163,12.62,22.5,8.9182,1122.291,29.4543
"2023-09-27 09:00:00",164,12.62,22.84,8.9376,978.3232,29.15493
"2023-09-27 10:00:00",165,12.61,23.55,8.9376,533.3334,29.31841
"2023-09-27 11:00:00",166,12.62,24.42,8.9764,579.1412,29.33352
"2023-09-27 12:00:00",167,12.61,24.78,8.995801,533.3334,28.91829
"2023-09-27 13:00:00",168,12.61,25.25,9.015201,533.3334,29.11442
"2023-09-27 14:00:00",169,12.62,25.46,9.015201,533.3334,29.29797
"2023-09-27 15:00:00",170,12.61,24.95,9.015201,533.3334,28.89052
"2023-09-27 16:00:00",171,12.61,25.19,8.995801,543.1494,28.94086
"2023-09-27 17:00:00",172,12.61,25.49,8.9764,543.1494,28.98603
"2023-09-27 18:00:00",173,12.61,24.89,8.995801,556.2373,29.00618
"2023-09-27 19:00:00",174,12.61,24.22,8.9764,533.3334,29.16744
"2023-09-27 20:00:00",175,12.61,23.9,8.957001,533.3334,29.00142
"2023-09-27 21:00:00",176,12.61,23.44,8.9376,605.3171,29.08437
"2023-09-27 22:00:00",177,12.6,23.21,8.9376,533.3334,29.26566
"2023-09-27 23:00:00",178,12.6,22.95,8.9182,543.1494,29.35122
"2023-09-28 00:00:00",179,12.6,22.45,8.9376,533.3334,29.03425
"2023-09-28 01:00:00",180,12.59,21.92,8.898801,544.7853,29.21797
"2023-09-28 02:00:00",181,12.59,21.56,8.9182,533.3334,28.82045
"2023-09-28 03:00:00",182,12.59,21.4,8.898801,533.3334,29.51484
"2023-09-28 04:00:00",183,12.58,21.45,8.9182,543.1494,29.23547
"2023-09-28 05:00:00",184,12.58,21.42,8.9182,544.7853,29.38139
"2023-09-28 06:00:00",185,12.58,21.21,8.898801,520.2455,28.99152
"2023-09-28 07:00:00",186,12.58,21.04,8.9182,497.3416,28.9941
"2023-09-28 08:00:00",187,12.57,21.15,8.9182,507.1575,28.63929
"2023-09-28 09:00:00",188,12.57,21.81,8.898801,520.2455,28.81787
"2023-09-28 10:00:00",189,12.58,23.61,8.9764,533.3334,28.9939
"2023-09-28 11:00:00",190,12.57,24.72,9.015201,471.1657,28.89309
"2023-09-28 12:00:00",191,12.58,26.37,9.054001,458.0778,29.00858
"2023-09-28 13:00:00",192,12.58,27.18,9.0734,448.2618,29.0459
"2023-09-28 14:00:00",193,12.58,27.56,9.112201,579.1412,29.12126
"2023-09-28 15:00:00",194,12.59,28.04,9.112201,1256.442,29.18925
"2023-09-28 16:00:00",195,12.58,27.75,9.0734,2956.238,29.03328
"2023-09-28 17:00:00",196,12.58,26.9,9.054001,4160.328,29.18674
"2023-09-28 18:00:00",197,12.58,25.89,9.015201,5184.459,29.16686
"2023-09-28 19:00:00",198,12.58,24.69,8.9764,6026.995,29.22507
"2023-09-28 20:00:00",199,12.57,23.87,8.957001,6884.254,29.22277
"2023-09-28 21:00:00",200,12.57,23.29,8.9376,7499.388,29.44168
"2023-09-28 22:00:00",201,12.56,23.01,8.9376,8019.633,28.88575
"2023-09-28 23:00:00",202,12.56,22.53,8.9376,8161.964,29.27576
"2023-09-29 00:00:00",203,12.56,22.08,8.9376,8209.408,28.95628
"2023-09-29 01:00:00",204,12.56,21.56,8.9376,8224.132,29.0417
"2023-09-29 02:00:00",205,12.55,21.12,8.9376,8188.14,28.99907
"2023-09-29 03:00:00",206,12.55,20.74,8.9376,8248.672,29.03191
"2023-09-29 04:00:00",207,12.55,20.37,8.9376,8235.584,28.84813
"2023-09-29 05:00:00",208,12.53,20.15,8.9376,8235.584,28.85813
"2023-09-29 06:00:00",209,12.53,19.94,8.9376,8248.672,29.06946
"2023-09-29 07:00:00",210,12.53,19.76,8.9376,8186.504,29.00914
"2023-09-29 08:00:00",211,12.53,22.31,8.9376,8114.521,29.25317
"2023-09-29 09:00:00",212,12.53,24.63,8.9376,7787.322,29.01149
"2023-09-29 10:00:00",213,12.55,25.19,8.9764,7437.22,29.00107
"2023-09-29 11:00:00",214,12.55,29.52,8.995801,7353.784,29.15652
"2023-09-29 12:00:00",215,12.55,28.76,9.0346,6583.232,29.15641
"2023-09-29 13:00:00",216,12.56,29.02,9.0928,6051.535,29.50354
"2023-09-29 14:00:00",217,12.56,30.02,9.112201,6098.979,29.32997
"2023-09-29 15:00:00",218,12.56,30.5,9.112201,6161.146,29.39034
"2023-09-29 16:00:00",219,12.56,30.6,9.0928,6341.105,29.39537
"2023-09-29 17:00:00",220,12.56,29.55,9.0734,6655.216,29.21678
"2023-09-29 18:00:00",221,12.56,28.23,9.0346,7317.792,29.47111
"2023-09-29 19:00:00",222,12.55,26.84,8.995801,8029.449,29.13926
"2023-09-29 20:00:00",223,12.55,25.79,8.957001,8485.891,29.1446
"2023-09-29 21:00:00",224,12.54,25.07,8.9376,8778.733,29.11196
"2023-09-29 22:00:00",225,12.53,24.22,8.9182,8994.685,29.08443
"2023-09-29 23:00:00",226,12.53,23.58,8.9182,9212.271,28.99139
"2023-09-30 00:00:00",227,12.53,23.04,8.9376,9321.883,29.17007
"2023-09-30 01:00:00",228,12.52,22.5,8.9376,9354.603,29.004
"2023-09-30 02:00:00",229,12.52,22.06,8.9376,9405.318,29.34373
"2023-09-30 03:00:00",230,12.52,21.84,8.9376,9426.586,29.27332
"2023-09-30 04:00:00",231,12.51,21.75,8.9376,9297.343,29.29841
"2023-09-30 05:00:00",232,12.51,21.64,8.9376,9248.263,29.14738
"2023-09-30 06:00:00",233,12.51,21.48,8.9376,9197.547,29.21289
"2023-09-30 07:00:00",234,12.51,21.48,8.9376,9212.271,29.16758
"2023-09-30 08:00:00",235,12.51,22.36,8.9376,9176.279,29.16504
"2023-09-30 09:00:00",236,12.5,24.1,8.9376,8548.059,29.5549
"2023-09-30 10:00:00",237,12.51,25.01,8.9764,8029.449,29.46174
"2023-09-30 11:00:00",238,12.51,26.56,8.995801,7391.412,29.48655
"2023-09-30 12:00:00",239,12.51,27.75,9.0346,6766.463,29.4081
"2023-09-30 13:00:00",240,12.52,29.35,9.054001,6161.146,29.46589
"2023-09-30 14:00:00",241,12.52,30.12,9.112201,5691.616,29.57648
"2023-09-30 15:00:00",242,12.52,30.53,9.1316,5352.966,29.66704
"2023-09-30 16:00:00",243,12.52,29.85,9.112201,5341.514,29.44326
"2023-09-30 17:00:00",244,12.52,28.92,9.0734,5534.561,29.42058
"2023-09-30 18:00:00",245,12.51,27.72,9.0346,5932.107,29.19448
"2023-09-30 19:00:00",246,12.51,26.41,8.995801,6475.256,29.26011
"2023-09-30 20:00:00",247,12.51,25.25,8.9764,7029.858,29.04658
"2023-09-30 21:00:00",248,12.5,24.42,8.957001,7499.388,28.92607
"2023-09-30 22:00:00",249,12.5,23.96,8.9376,7728.426,29.03424
"2023-09-30 23:00:00",250,12.5,23.38,8.9376,7995.093,29.24073
"2023-10-01 00:00:00",251,12.49,23.07,8.9376,8065.441,29.27583
"2023-10-01 01:00:00",252,12.48,22.84,8.957001,7895.298,29.05444
"2023-10-01 02:00:00",253,12.48,22.47,8.957001,7836.402,29.05939
"2023-10-01 03:00:00",254,12.48,21.97,8.957001,7802.046,29.03917
"2023-10-01 04:00:00",255,12.48,21.56,8.957001,7788.958,28.89844
"2023-10-01 05:00:00",256,12.48,21.26,8.957001,7764.418,29.13486
"2023-10-01 06:00:00",257,12.47,20.91,8.957001,7802.046,29.19287
"2023-10-01 07:00:00",258,12.47,20.83,8.957001,7875.666,28.87841
"2023-10-01 08:00:00",259,12.47,22.84,8.957001,7752.966,29.37134
"2023-10-01 09:00:00",260,12.47,24.28,8.957001,7319.428,29.36621
"2023-10-01 10:00:00",261,12.47,25.34,8.995801,6861.351,29.45909
"2023-10-01 11:00:00",262,12.48,27.28,9.0734,6403.273,29.23475
"2023-10-01 12:00:00",263,12.48,28.23,9.054001,5847.036,29.61188
"2023-10-01 13:00:00",264,12.48,28.56,9.1316,5280.982,29.68732
"2023-10-01 14:00:00",265,12.48,29.18,9.151,4798.365,29.62691
"2023-10-01 15:00:00",266,12.48,29.35,9.151,4448.262,29.72751
"2023-10-01 16:00:00",267,12.48,29.25,9.151,4364.827,29.43568
"2023-10-01 17:00:00",268,12.48,28.2,9.112201,4569.326,29.65714
"2023-10-01 18:00:00",269,12.48,27,9.0734,4943.968,29.66256
"2023-10-01 19:00:00",270,12.47,25.73,9.015201,5596.729,29.47157
"2023-10-01 20:00:00",271,12.47,24.81,8.9764,6221.678,29.59759
"2023-10-01 21:00:00",272,12.47,24.04,8.957001,6800.819,29.29336
"2023-10-01 22:00:00",273,12.46,23.24,8.957001,7200.001,29.15249
"2023-10-01 23:00:00",274,12.46,22.36,8.957001,7394.684,29.19532
"2023-10-02 00:00:00",275,12.45,21.53,8.957001,7692.435,29.09748
"2023-10-02 01:00:00",276,12.45,20.74,8.957001,7919.837,29.28593
"2023-10-02 02:00:00",277,12.45,20.05,8.957001,8029.449,29.27836
"2023-10-02 03:00:00",278,12.43,19.6,8.957001,8006.545,29.03186
"2023-10-02 04:00:00",279,12.43,19.23,8.957001,8031.085,29.19552
"2023-10-02 05:00:00",280,12.42,18.87,8.957001,7862.578,29.09254
"2023-10-02 06:00:00",281,12.42,18.64,8.957001,7730.063,29.3996
"2023-10-02 07:00:00",282,12.42,18.53,8.957001,7682.619,29.12548
"2023-10-02 08:00:00",283,12.42,20.21,8.957001,7463.396,29.37424
"2023-10-02 09:00:00",284,12.43,23.5,8.9764,6979.142,29.79396
"2023-10-02 10:00:00",285,12.43,24.66,9.015201,6535.788,29.41886
"2023-10-02 11:00:00",286,12.44,27.88,9.0928,5992.639,29.62454
"2023-10-02 12:00:00",287,12.44,28.49,9.0928,5487.117,29.62937
"2023-10-02 13:00:00",288,12.44,28.46,9.1316,5883.027,62.15636
"2023-10-02 15:00:00",289,12.97,30.78,"NAN",196.319,31.17529
"2023-10-02 16:00:00",290,12.93,31.3,8.8794,4786.913,27.57364
"2023-10-02 17:00:00",291,12.92,29.68,8.8406,5243.354,26.25326
"2023-10-02 18:00:00",292,12.92,28.27,8.8406,5829.04,26.63814
"2023-10-02 19:00:00",293,12.91,26.47,8.801801,6341.105,26.34925
"2023-10-02 20:00:00",294,12.91,25.01,8.898801,6822.087,26.75935
"2023-10-02 21:00:00",295,12.9,23.87,8.860001,7247.445,29.47874
"2023-10-02 22:00:00",296,12.89,23.15,8.8406,7548.467,29.01085
"2023-10-02 23:00:00",297,12.88,22.73,8.8406,7692.435,27.738
"2023-10-03 00:00:00",298,12.88,22.19,8.8406,7754.603,27.26252
"2023-10-03 01:00:00",299,12.88,21.56,8.8406,7764.418,27.16446
"2023-10-03 02:00:00",300,12.87,20.69,8.8406,7775.87,27.1242
"2023-10-03 03:00:00",301,12.86,19.84,8.860001,7752.966,27.12178
"2023-10-03 04:00:00",302,12.85,19.21,8.860001,7739.878,27.15952
"2023-10-03 05:00:00",303,12.84,18.58,8.860001,7679.347,27.20509
"2023-10-03 06:00:00",304,12.83,18.05,8.860001,7607.363,27.36624
"2023-10-03 07:00:00",305,12.83,17.69,8.898801,7502.66,28.13105
"2023-10-03 08:00:00",306,12.83,19.31,8.898801,7186.913,27.81396
"2023-10-03 09:00:00",307,12.83,21.97,8.8794,6560.328,27.61215
"2023-10-03 10:00:00",308,12.84,23.87,8.860001,6100.614,27.81838
"2023-10-03 11:00:00",309,12.85,27,8.860001,5632.721,28.11753
"2023-10-03 12:00:00",310,12.86,27.78,8.957001,4934.152,28.15973
"2023-10-03 13:00:00",311,12.86,28.72,8.8794,4556.238,28.48412
"2023-10-03 14:00:00",312,12.87,29.45,8.9764,4255.215,28.75824
"2023-10-03 15:00:00",313,12.87,30.16,8.995801,4171.78,28.79596
"2023-10-03 16:00:00",314,12.87,30.53,8.957001,4173.416,28.75321
"2023-10-03 17:00:00",315,12.87,29.28,8.995801,4484.254,28.75321
"2023-10-03 18:00:00",316,12.87,28.04,8.957001,5015.952,28.77604
"2023-10-03 19:00:00",317,12.86,26.59,8.9764,5739.06,28.91732
"2023-10-03 20:00:00",318,12.86,25.13,8.9376,6342.741,29.05835
"2023-10-03 21:00:00",319,12.84,24.01,8.9182,6921.882,29.02581
"2023-10-03 22:00:00",320,12.84,23.12,8.9376,7450.308,29.60711
"2023-10-03 23:00:00",321,12.83,22.25,8.9182,7802.046,29.51406
"2023-10-04 00:00:00",322,12.82,21.67,8.9376,7813.498,29.539
"2023-10-04 01:00:00",323,12.82,21.23,8.9182,7800.41,29.27236
"2023-10-04 02:00:00",324,12.81,21.26,8.9182,7607.363,29.12413
"2023-10-04 03:00:00",325,12.81,21.34,8.9182,7608.999,29.3026
"2023-10-04 04:00:00",326,12.8,21.02,8.9182,7656.443,29.37555
"2023-10-04 05:00:00",327,12.8,20.8,8.898801,7752.966,29.1392
"2023-10-04 06:00:00",328,12.8,20.53,8.9376,7824.95,29.41326
"2023-10-04 07:00:00",329,12.79,20.26,8.9182,7824.95,29.62965
"2023-10-04 08:00:00",330,12.79,21.95,8.9182,7499.388,30.01958
"2023-10-04 09:00:00",331,12.8,24.66,8.9182,7003.682,29.6245
"2023-10-04 10:00:00",332,12.81,26.01,8.9376,6449.081,30.05956
"2023-10-04 11:00:00",333,12.81,28.62,8.957001,6089.163,29.59096
"2023-10-04 12:00:00",334,12.82,28.69,8.995801,5173.007,29.46497
"2023-10-04 13:00:00",335,12.82,29.85,9.015201,4605.317,29.60335
"2023-10-04 14:00:00",336,12.82,30.91,9.0346,4111.248,29.89257
"2023-10-04 15:00:00",337,12.82,31.51,9.054001,3702.25,29.92271
"2023-10-04 16:00:00",338,12.82,30.5,9.054001,3689.162,29.61086
"2023-10-04 17:00:00",339,12.82,29.45,9.054001,4461.35,29.5105
"2023-10-04 18:00:00",340,12.82,28.2,9.015201,5303.886,29.22394
"2023-10-04 19:00:00",341,12.81,26.72,8.9764,6148.058,29.49854
"2023-10-04 20:00:00",342,12.81,25.31,8.9376,6956.238,29.21961
"2023-10-04 21:00:00",343,12.8,24.33,8.9182,7692.435,29.49373
"2023-10-04 22:00:00",344,12.79,23.55,8.9182,8260.124,29.23962
"2023-10-04 23:00:00",345,12.78,22.92,8.9182,8549.694,29.04859
"2023-10-05 00:00:00",346,12.78,22.45,8.9182,8680.574,29.10164
"2023-10-05 01:00:00",347,12.77,22.11,8.898801,8827.813,28.948
"2023-10-05 02:00:00",348,12.77,21.7,8.9182,8924.337,28.87748
"2023-10-05 03:00:00",349,12.76,21.29,8.898801,8827.813,28.85993
"2023-10-05 04:00:00",350,12.76,20.91,8.898801,8693.662,28.87503
"2023-10-05 05:00:00",351,12.76,20.58,8.9182,8611.862,29.02606
"2023-10-05 06:00:00",352,12.75,20.91,8.9182,8500.614,29.14435
"2023-10-05 07:00:00",353,12.74,21.26,8.898801,8271.576,29.15414
"2023-10-05 08:00:00",354,12.74,22.17,8.8794,7510.839,29.0561
"2023-10-05 09:00:00",355,12.75,23.21,8.8794,6462.168,29.40329
"2023-10-05 10:00:00",356,12.75,24.95,8.8794,5799.592,29.33774
"2023-10-05 11:00:00",357,12.76,26.1,8.898801,5328.426,29.49092
"2023-10-05 12:00:00",358,12.77,27.53,8.957001,4510.43,29.77471
"2023-10-05 13:00:00",359,12.76,28.53,8.9376,3774.234,29.56584
"2023-10-05 14:00:00",360,12.77,30.4,9.0346,3208.18,29.78439
"2023-10-05 15:00:00",361,12.77,30.43,8.995801,3015.133,29.74163
"2023-10-05 16:00:00",362,12.78,31.4,8.995801,3172.188,30.10128
"2023-10-05 17:00:00",363,12.77,29.78,9.015201,3967.281,29.38953
"2023-10-05 18:00:00",364,12.77,28.23,9.015201,4122.7,29.19345
"2023-10-05 19:00:00",365,12.77,26.56,8.995801,3859.305,29.29946
"2023-10-05 20:00:00",366,12.76,25.4,8.957001,3424.131,29.33506
"2023-10-05 21:00:00",367,12.76,24.63,8.9376,3015.133,29.43833
"2023-10-05 22:00:00",368,12.75,23.9,8.9376,2666.667,29.59684
"2023-10-05 23:00:00",369,12.74,23.35,8.9376,2450.716,29.124
"2023-10-06 00:00:00",370,12.74,22.87,8.9376,2172.597,29.37053
"2023-10-06 01:00:00",371,12.73,22.39,8.9182,1883.027,29.24239
"2023-10-06 02:00:00",372,12.73,21.97,8.9182,1725.972,30.32154
"2023-10-06 03:00:00",373,12.72,21.45,8.9182,1557.464,29.38587
"2023-10-06 04:00:00",374,12.72,21.29,8.9182,1485.481,29.53404
"2023-10-06 05:00:00",375,12.72,21.29,8.9182,1207.362,29.48885
"2023-10-06 06:00:00",376,12.72,21.37,8.8794,1037.219,29.3731
"2023-10-06 07:00:00",377,12.71,21.4,8.8794,1027.403,29.37566
"2023-10-06 08:00:00",378,12.71,22.03,8.8794,834.356,29.48139
"2023-10-06 09:00:00",379,12.71,24.48,8.860001,520.2455,29.5289
"2023-10-06 10:00:00",380,12.72,25.52,8.860001,543.1494,29.46323
"2023-10-06 11:00:00",381,12.72,27,8.995801,507.1575,29.83271
"2023-10-06 12:00:00",382,12.73,27.69,9.0346,484.2537,29.54564
"2023-10-06 13:00:00",383,12.73,28.36,9.054001,458.0778,29.25639
"2023-10-06 14:00:00",384,12.73,28.2,9.015201,461.3498,29.32437
"2023-10-06 15:00:00",385,12.73,29.12,9.0346,423.722,29.31667
"2023-10-06 16:00:00",386,12.73,27.72,9.0346,507.1575,29.50024
"2023-10-06 17:00:00",387,12.73,27.12,8.9764,580.7772,29.54809
"2023-10-06 18:00:00",388,12.73,26.5,8.9764,700.2046,29.68169
"2023-10-06 19:00:00",389,12.72,25.34,8.957001,628.2209,29.61166
"2023-10-06 20:00:00",390,12.71,24.51,8.957001,592.2291,29.4031
"2023-10-06 21:00:00",391,12.71,23.96,8.9182,543.1494,29.66718
"2023-10-06 22:00:00",392,12.71,23.35,8.9182,544.7853,29.60184
"2023-10-06 23:00:00",393,12.7,22.84,8.898801,543.1494,29.30772
"2023-10-07 00:00:00",394,12.69,22.08,8.898801,543.1494,29.20215
"2023-10-07 01:00:00",395,12.69,21.78,8.898801,569.3253,29.202
"2023-10-07 02:00:00",396,12.68,21.53,8.8794,497.3416,29.07639
"2023-10-07 03:00:00",397,12.68,21.23,8.8794,533.3334,29.10638
"2023-10-07 04:00:00",398,12.68,20.88,8.8794,533.3334,29.00579
"2023-10-07 05:00:00",399,12.67,20.61,8.898801,580.7772,29.34806
"2023-10-07 06:00:00",400,12.67,20.48,8.898801,605.3171,29.06641
"2023-10-07 07:00:00",401,12.67,20.24,8.9182,618.405,29.59187
"2023-10-07 08:00:00",402,12.66,21.23,8.957001,605.3171,29.21211
"2023-10-07 09:00:00",403,12.67,24.16,8.9182,399.1821,29.09628
"2023-10-07 10:00:00",404,12.68,25.28,8.957001,484.2537,29.42311
"2023-10-07 11:00:00",405,12.68,27.47,9.015201,471.1657,29.74693
"2023-10-07 12:00:00",406,12.68,27.5,9.015201,399.1821,29.76189
"2023-10-07 13:00:00",407,12.69,28.62,9.015201,386.0941,29.76682
"2023-10-07 14:00:00",408,12.69,29.12,9.015201,376.2782,29.77181
"2023-10-07 15:00:00",409,12.69,28.92,9.015201,363.1902,29.84731
"2023-10-07 16:00:00",410,12.69,29.65,9.015201,353.3743,29.33425
"2023-10-07 17:00:00",411,12.69,27.98,9.0346,399.1821,29.21865
"2023-10-07 18:00:00",412,12.68,25.95,9.015201,471.1657,29.18394
"2023-10-07 19:00:00",413,12.68,23.78,8.995801,459.7138,29.13393
"2023-10-07 20:00:00",414,12.67,22.17,8.9764,471.1657,28.97816
"2023-10-07 21:00:00",415,12.66,21.29,8.9376,461.3498,28.71158
"2023-10-07 22:00:00",416,12.65,20.5,8.9182,435.1739,28.88003
"2023-10-07 23:00:00",417,12.65,19.76,8.9182,422.0859,28.97808
"2023-10-08 00:00:00",418,12.64,19.18,8.9182,399.1821,28.8855
"2023-10-08 01:00:00",419,12.63,18.53,8.9182,399.1821,29.09923
"2023-10-08 02:00:00",420,12.62,17.89,8.9182,387.7301,29.06446
"2023-10-08 03:00:00",421,12.62,17.19,8.9182,376.2782,29.14499
"2023-10-08 04:00:00",422,12.62,16.54,8.9764,376.2782,29.18777
"2023-10-08 05:00:00",423,12.61,15.92,9.015201,363.1902,29.07959
"2023-10-08 06:00:00",424,12.6,15.39,8.995801,363.1902,28.71478
"2023-10-08 07:00:00",425,12.6,14.73,8.9764,353.3743,28.79282
"2023-10-08 08:00:00",426,12.6,15.07,9.015201,340.2863,28.53876
"2023-10-08 09:00:00",427,12.6,17.49,9.015201,327.1984,28.79026
"2023-10-08 10:00:00",428,12.6,18.56,9.0346,340.2863,28.8229
"2023-10-08 11:00:00",429,12.61,21.07,9.0734,340.2863,28.95796
"2023-10-08 12:00:00",430,12.61,20.96,9.1316,340.2863,28.79703
"2023-10-08 13:00:00",431,12.61,22.14,9.151,340.2863,28.96796
"2023-10-08 14:00:00",432,12.61,23.18,9.170401,340.2863,29.3176
"2023-10-08 15:00:00",433,12.62,24.54,9.170401,340.2863,29.24711
"2023-10-08 16:00:00",434,12.62,24.33,9.151,340.2863,28.91747
"2023-10-08 17:00:00",435,12.62,22.7,9.112201,363.1902,29.02829
"2023-10-08 18:00:00",436,12.62,20.99,9.0734,376.2782,29.03847
"2023-10-08 19:00:00",437,12.6,18.92,9.0346,353.3743,28.84741
"2023-10-08 20:00:00",438,12.6,17.14,9.015201,376.2782,29.15986
"2023-10-08 21:00:00",439,12.59,15.7,8.995801,376.2782,29.26576
"2023-10-08 22:00:00",440,12.58,14.54,8.995801,376.2782,29.13997
"2023-10-08 23:00:00",441,12.58,13.73,8.9764,399.1821,29.32149
"2023-10-09 00:00:00",442,12.57,13,8.9764,399.1821,29.60141
"2023-10-09 01:00:00",443,12.56,12.37,8.957001,399.1821,29.9336
"2023-10-09 02:00:00",444,12.55,11.68,8.9764,412.27,30.20789
"2023-10-09 03:00:00",445,12.54,11.15,8.9764,412.27,30.32615
"2023-10-09 04:00:00",446,12.54,10.81,8.9764,399.1821,30.41456
"2023-10-09 05:00:00",447,12.54,10.43,8.9764,412.27,30.38982
"2023-10-09 06:00:00",448,12.53,9.91,8.9764,423.722,30.22652
"2023-10-09 07:00:00",449,12.53,9.35,8.9764,425.3579,30.59411
"2023-10-09 08:00:00",450,12.53,10.56,8.9764,376.2782,30.71995
"2023-10-09 09:00:00",451,12.54,14.47,8.9764,340.2863,30.6985
"2023-10-09 10:00:00",452,12.54,17.54,9.015201,314.1105,30.75524
"2023-10-09 11:00:00",453,12.55,20.69,9.015201,304.2945,30.62082
"2023-10-09 12:00:00",454,12.56,21.48,9.0346,302.6585,29.99936
"2023-10-09 13:00:00",455,12.57,22.7,9.0734,304.2945,30.28103
"2023-10-09 14:00:00",456,12.57,23.35,9.112201,304.2945,30.07973
"2023-10-09 15:00:00",457,12.58,24.54,9.112201,304.2945,29.84827
"2023-10-09 16:00:00",458,12.58,25.37,9.0928,327.1984,29.62373
"2023-10-09 17:00:00",459,12.58,23.35,9.0734,340.2863,29.93116
"2023-10-09 18:00:00",460,12.58,21.42,9.0346,327.1984,30.03706
"2023-10-09 19:00:00",461,12.57,19.44,9.015201,340.2863,29.57929
"2023-10-09 20:00:00",462,12.57,17.89,8.995801,340.2863,30.11796
"2023-10-09 21:00:00",463,12.56,16.46,8.995801,353.3743,29.80647
"2023-10-09 22:00:00",464,12.55,15.29,8.9764,353.3743,27.80905
"2023-10-09 23:00:00",465,12.54,14.28,8.9764,363.1902,28.48588
"2023-10-10 00:00:00",466,12.53,13.47,8.9764,376.2782,28.89399
"2023-10-10 01:00:00",467,12.53,12.79,8.9764,363.1902,28.90938
"2023-10-10 02:00:00",468,12.52,12.12,8.995801,363.1902,29.50834
"2023-10-10 03:00:00",469,12.52,11.59,8.9764,376.2782,29.29193
"2023-10-10 04:00:00",470,12.51,11.15,8.995801,376.2782,29.38252
"2023-10-10 05:00:00",471,12.5,10.7,8.9764,399.1821,29.44048
"2023-10-10 06:00:00",472,12.5,10.34,8.9764,386.0941,29.48879
"2023-10-10 07:00:00",473,12.5,10.11,8.9764,399.1821,29.42363
"2023-10-10 08:00:00",474,12.49,11.06,8.9764,389.3661,29.23715
"2023-10-10 09:00:00",475,12.5,14.97,8.995801,327.1984,29.16596
"2023-10-10 10:00:00",476,12.51,17.64,8.995801,314.1105,29.40919
"2023-10-10 11:00:00",477,12.52,22.64,9.015201,291.2066,30.26353
"2023-10-10 12:00:00",478,12.53,23.15,9.0346,291.2066,30.22313
"2023-10-10 13:00:00",479,12.55,25.52,9.054001,291.2066,30.54189
"2023-10-10 14:00:00",480,12.55,27.18,9.112201,291.2066,30.22455
"2023-10-10 15:00:00",481,12.56,28.33,9.112201,304.2945,30.08116
"2023-10-10 16:00:00",482,12.56,27.66,9.112201,353.3743,30.25973
"2023-10-10 17:00:00",483,12.56,26.07,9.0928,363.1902,30.00845
"2023-10-10 18:00:00",484,12.56,24.01,9.054001,353.3743,29.9234
"2023-10-10 19:00:00",485,12.55,22.36,9.015201,314.1105,29.97666
"2023-10-10 20:00:00",486,12.55,21.29,8.9764,340.2863,30.30637
"2023-10-10 21:00:00",487,12.54,20.69,8.9764,363.1902,30.03221
"2023-10-10 22:00:00",488,12.53,20.18,8.957001,353.3743,29.95674
"2023-10-10 23:00:00",489,12.53,19.7,8.957001,340.2863,30.09264
"2023-10-11 00:00:00",490,12.52,19.23,8.957001,353.3743,29.89629
"2023-10-11 01:00:00",491,12.52,18.89,8.957001,376.2782,29.75554
"2023-10-11 02:00:00",492,12.51,18.69,8.957001,353.3743,29.92915
"2023-10-11 03:00:00",493,12.51,18.48,8.957001,353.3743,29.72048
"2023-10-11 04:00:00",494,12.51,18.33,8.9376,376.2782,30.0902
"2023-10-11 05:00:00",495,12.51,18.25,8.9376,386.0941,29.95967
"2023-10-11 06:00:00",496,12.51,18.17,8.957001,389.3661,29.80879
"2023-10-11 07:00:00",497,12.5,18.1,8.9376,386.0941,29.93459
"2023-10-11 08:00:00",498,12.5,18.58,8.9376,353.3743,29.89174
"2023-10-11 09:00:00",499,12.5,19.31,8.9376,327.1984,29.96442
"2023-10-11 10:00:00",500,12.5,20.61,8.9376,304.2945,30.1453
"2023-10-11 11:00:00",501,12.51,21.53,8.9376,304.2945,30.43204
"2023-10-11 12:00:00",502,12.51,23.41,8.9764,304.2945,30.32876
"2023-10-11 13:00:00",503,12.51,24.28,8.957001,291.2066,30.37876
"2023-10-11 14:00:00",504,12.51,24.04,8.995801,291.2066,30.02428
"2023-10-11 15:00:00",505,12.51,23.64,8.995801,291.2066,30.33615
"2023-10-11 16:00:00",506,12.51,23.15,8.995801,304.2945,30.2834
"2023-10-11 17:00:00",507,12.51,21.86,8.9764,304.2945,30.29613
"2023-10-11 18:00:00",508,12.5,21.4,8.9764,314.1105,30.30369
"2023-10-11 19:00:00",509,12.5,21.02,8.9764,304.2945,30.19807
"2023-10-11 20:00:00",510,12.5,19.86,8.9764,304.2945,30.27868
"2023-10-11 21:00:00",511,12.49,19.28,8.9764,304.2945,30.44967
"2023-10-11 22:00:00",512,12.49,18.82,8.957001,278.1187,30.57811
"2023-10-11 23:00:00",513,12.48,18.53,8.957001,291.2066,30.6235
"2023-10-12 00:00:00",514,12.48,18.77,8.957001,278.1187,30.97855
"2023-10-12 01:00:00",515,12.48,18.95,8.9376,291.2066,30.74166
"2023-10-12 02:00:00",516,12.47,19.08,8.9764,304.2945,30.76167
"2023-10-12 03:00:00",517,12.48,19.26,8.9764,291.2066,30.96786
"2023-10-12 04:00:00",518,12.48,19.52,8.9764,314.1105,30.99304
"2023-10-12 05:00:00",519,12.47,19.97,8.9376,353.3743,30.90251
"2023-10-12 06:00:00",520,12.48,20.8,8.9182,399.1821,31.05588
"2023-10-12 07:00:00",521,12.48,23.81,8.9182,340.2863,31.48584
"2023-10-12 08:00:00",522,12.49,25.1,8.9182,314.1105,31.26604
"2023-10-12 09:00:00",523,12.49,26.01,8.898801,314.1105,30.99423
"2023-10-12 10:00:00",524,12.49,26.16,8.9182,304.2945,31.40913
"2023-10-12 11:00:00",525,12.48,22.67,8.9182,304.2945,31.06052
"2023-10-12 12:00:00",526,12.48,23.12,8.9376,304.2945,31.00806
"2023-10-12 13:00:00",527,12.48,24.1,8.9376,304.2945,30.71616
"2023-10-12 14:00:00",528,12.48,25.37,8.9376,291.2066,30.88669
"2023-10-12 15:00:00",529,12.48,26.25,8.9764,291.2066,30.4939
"2023-10-12 16:00:00",530,12.48,25.43,8.9764,314.1105,30.44873
"2023-10-12 17:00:00",531,12.48,24.48,8.9764,304.2945,30.51211
"2023-10-12 18:00:00",532,12.48,23.75,8.957001,340.2863,29.96155
"2023-10-12 19:00:00",533,12.47,22.95,8.9376,327.1984,29.84836
"2023-10-12 20:00:00",534,12.47,22.33,8.9182,327.1984,29.91881
"2023-10-12 21:00:00",535,12.47,22.06,8.9376,314.1105,30.12263
"2023-10-12 22:00:00",536,12.46,21.95,8.898801,327.1984,29.89137
"2023-10-12 23:00:00",537,12.46,21.95,8.898801,353.3743,30.08495
"2023-10-13 00:00:00",538,12.46,21.97,8.9376,422.0859,30.20568
"2023-10-13 01:00:00",539,12.45,22.03,8.9182,520.2455,30.07238
"2023-10-13 02:00:00",540,12.46,22.08,8.898801,471.1657,30.31645
"2023-10-13 03:00:00",541,12.45,22.14,8.9182,435.1739,30.40196
"2023-10-13 04:00:00",542,12.45,22.22,8.9376,386.0941,30.45987
"2023-10-13 05:00:00",543,12.45,22.28,8.9182,422.0859,30.40946
"2023-10-13 06:00:00",544,12.45,22.25,8.9182,376.2782,30.38417
"2023-10-13 07:00:00",545,12.45,22.17,8.9182,387.7301,30.91751
"2023-10-13 08:00:00",546,12.45,22.36,8.898801,340.2863,30.56528
"2023-10-13 09:00:00",547,12.44,23.24,8.9182,340.2863,30.49485
"2023-10-13 10:00:00",548,12.45,24.89,8.957001,314.1105,30.70363
"2023-10-13 11:00:00",549,12.45,26.81,8.898801,304.2945,30.72311
"2023-10-13 12:00:00",550,12.45,27.5,8.8794,304.2945,30.62197
"2023-10-13 13:00:00",551,12.45,28.46,8.898801,291.2066,30.6976
"2023-10-13 14:00:00",552,12.45,29.12,8.898801,304.2945,30.36285
"2023-10-13 15:00:00",553,12.45,28.1,8.9764,327.1984,30.42331
"2023-10-13 16:00:00",554,12.45,28.82,8.9764,291.2066,30.17439
"2023-10-13 17:00:00",555,12.45,27.21,8.8794,304.2945,30.08908
"2023-10-13 18:00:00",556,12.45,25.73,8.9182,327.1984,30.08438
"2023-10-13 19:00:00",557,12.44,24.33,8.9182,327.1984,29.80812
"2023-10-13 20:00:00",558,12.43,23.35,8.9182,327.1984,29.78295
"2023-10-13 21:00:00",559,12.43,22.87,8.9376,327.1984,29.69758
"2023-10-13 22:00:00",560,12.42,22.64,8.9376,340.2863,29.66987
"2023-10-13 23:00:00",561,12.42,22.5,8.9376,399.1821,29.51892
"2023-10-14 00:00:00",562,12.42,22.42,8.9376,435.1739,29.44091
"2023-10-14 01:00:00",563,12.42,22.33,8.957001,484.2537,29.3503
"2023-10-14 02:00:00",564,12.41,22.28,8.957001,628.2209,29.2598
"2023-10-14 03:00:00",565,12.41,22.14,8.957001,690.3887,29.26748
"2023-10-14 04:00:00",566,12.41,21.95,8.957001,690.3887,29.36547
"2023-10-14 05:00:00",567,12.41,21.75,8.9182,3221.268,29.81328
"2023-10-14 06:00:00",568,12.41,21.53,8.9376,5534.561,30.1002
"2023-10-14 07:00:00",569,12.4,21.37,8.9182,6715.748,30.34646
"2023-10-14 08:00:00",570,12.4,21.64,8.957001,7221.269,30.14292
"2023-10-14 09:00:00",571,12.4,22.31,8.9764,7042.946,29.62217
"2023-10-14 10:00:00",572,12.4,23.1,8.957001,6668.304,29.74021
"2023-10-14 11:00:00",573,12.4,23.93,8.9376,6341.105,30.59044
"2023-10-14 12:00:00",574,12.4,24.42,8.957001,6089.163,29.87855
"2023-10-14 13:00:00",575,12.4,24.04,8.957001,5930.471,31.85822
"2023-10-14 14:00:00",576,12.4,25.01,8.957001,5776.688,31.03315
"2023-10-14 15:00:00",577,12.4,26.93,8.9764,5462.578,29.99142
"2023-10-14 16:00:00",578,12.4,27.03,8.957001,5112.475,29.78218
"2023-10-14 17:00:00",579,12.4,25.83,8.9182,5125.563,29.49067
"2023-10-14 18:00:00",580,12.4,24.45,8.957001,5426.585,29.70746
"2023-10-14 19:00:00",581,12.39,23.24,8.995801,5873.211,29.34528
"2023-10-14 20:00:00",582,12.39,22.36,8.9182,6308.385,29.36055
"2023-10-14 21:00:00",583,12.38,21.7,8.9376,6609.408,29.62475
"2023-10-14 22:00:00",584,12.38,21.18,8.957001,6848.263,29.64225
"2023-10-14 23:00:00",585,12.37,20.91,8.957001,6957.874,29.5265
"2023-10-15 00:00:00",586,12.37,21.04,8.9376,7052.762,29.57681
"2023-10-15 01:00:00",587,12.37,21.07,8.957001,7114.929,29.91641
"2023-10-15 02:00:00",588,12.37,20.34,8.9764,7173.825,30.0119
"2023-10-15 03:00:00",589,12.37,19.34,9.015201,7270.349,30.19833
"2023-10-15 04:00:00",590,12.36,18.43,9.015201,7404.5,29.64504
"2023-10-15 05:00:00",591,12.36,17.64,9.015201,7442.128,29.77633
"2023-10-15 06:00:00",592,12.35,16.86,8.995801,7595.911,29.86204
"2023-10-15 07:00:00",593,12.35,16.07,9.015201,7885.481,29.76895
"2023-10-15 08:00:00",594,12.34,16.94,8.9764,7875.666,30.16647
"2023-10-15 09:00:00",595,12.34,18.07,8.957001,7258.896,30.25669
"2023-10-15 10:00:00",596,12.35,19.42,8.957001,6957.874,30.23901
"2023-10-15 11:00:00",597,12.35,21.21,8.9376,6522.7,29.97435
"2023-10-15 12:00:00",598,12.35,21.12,8.9182,6026.995,30.50494
"2023-10-15 13:00:00",599,12.35,22.47,8.9764,5824.132,30.26094
"2023-10-15 14:00:00",600,12.35,23.87,8.995801,5570.553,30.05212
"2023-10-15 15:00:00",601,12.36,24.78,8.9376,5402.046,30.2282
"2023-10-15 16:00:00",602,12.35,24.19,8.9376,5197.547,29.6695
"2023-10-15 17:00:00",603,12.35,22.5,8.9376,5269.53,29.61702
"2023-10-15 18:00:00",604,12.35,21.45,8.9376,5534.561,29.83084
"2023-10-15 19:00:00",605,12.35,20.13,8.9376,5897.751,29.92153
"2023-10-15 20:00:00",606,12.34,19.08,9.015201,6210.226,29.70295
"2023-10-15 21:00:00",607,12.33,18.46,9.015201,6498.161,29.64285
"2023-10-15 22:00:00",608,12.32,17.99,9.015201,6813.907,29.53986
"2023-10-15 23:00:00",609,12.32,17.39,9.015201,7126.381,29.71101
"2023-10-16 00:00:00",610,12.32,16.86,9.015201,7451.944,29.74882
"2023-10-16 01:00:00",611,12.32,16.32,8.995801,7715.338,29.84946
"2023-10-16 02:00:00",612,12.31,15.63,8.995801,7836.402,30.03564
"2023-10-16 03:00:00",613,12.31,14.97,9.0346,7996.729,30.31742
"2023-10-16 04:00:00",614,12.3,14.47,9.015201,8114.521,29.9929
"2023-10-16 05:00:00",615,12.3,13.99,9.015201,8211.044,29.99602
"2023-10-16 06:00:00",616,12.3,13.56,9.015201,8197.956,30.25303
"2023-10-16 07:00:00",617,12.29,13.19,9.0346,8197.956,30.09205
"2023-10-16 08:00:00",618,12.29,14.11,8.995801,8116.157,30.24563
"2023-10-16 09:00:00",619,12.29,14.95,8.9376,7728.426,30.61459
"2023-10-16 10:00:00",620,12.29,16.09,8.957001,7368.508,30.79801
"2023-10-16 11:00:00",621,12.29,17.56,8.9764,7005.318,30.2922
"2023-10-16 12:00:00",622,12.3,18.25,8.995801,6511.249,30.40271
"2023-10-16 13:00:00",623,12.3,19.08,8.9376,5981.187,30.77959
"2023-10-16 14:00:00",624,12.3,19.47,9.015201,5678.528,31.17416
"2023-10-16 15:00:00",625,12.3,21.02,8.9764,5462.578,30.49994
"2023-10-16 16:00:00",626,12.31,22.03,9.015201,5030.676,30.18545
"2023-10-16 17:00:00",627,12.3,19.6,9.0346,5222.086,30.29871
"2023-10-16 18:00:00",628,12.3,18.05,8.9376,5655.625,29.67005
"2023-10-16 19:00:00",629,12.29,16.41,8.9764,6089.163,30.0052
"2023-10-16 20:00:00",630,12.29,15.09,8.9376,6378.733,30.0306
"2023-10-16 21:00:00",631,12.28,14.09,8.957001,6704.295,29.87981
"2023-10-16 22:00:00",632,12.28,13.38,8.9376,6969.326,30.69324
"2023-10-16 23:00:00",633,12.27,12.72,8.957001,7149.285,29.97637
"2023-10-17 00:00:00",634,12.27,12.26,8.9764,7294.889,30.09213
"2023-10-17 01:00:00",635,12.26,11.77,8.995801,7429.04,30.19279
"2023-10-17 02:00:00",636,12.25,11.29,8.995801,7525.563,29.94876
"2023-10-17 03:00:00",637,12.26,10.83,9.0346,7523.927,30.24834
"2023-10-17 04:00:00",638,12.25,10.38,9.0346,7486.3,30.42223
"2023-10-17 05:00:00",639,12.25,9.84,9.0734,7535.379,30.41526
"2023-10-17 06:00:00",640,12.24,9.41,8.9764,7438.856,30.20399
"2023-10-17 07:00:00",641,12.23,9.06,8.995801,7463.396,30.11844
"2023-10-17 08:00:00",642,12.23,10.22,8.995801,7450.308,30.48589
"2023-10-17 09:00:00",643,12.23,12.53,9.015201,7164.009,30.40686
"2023-10-17 10:00:00",644,12.24,15.34,9.015201,7005.318,30.45926
"2023-10-17 11:00:00",645,12.25,17.16,8.995801,6766.463,30.46565
"2023-10-17 12:00:00",646,12.25,17.46,9.015201,6319.837,30.66948
"2023-10-17 13:00:00",647,12.26,19.13,9.0346,6077.71,30.82205
"2023-10-17 14:00:00",648,12.26,20.61,9.0346,5789.776,30.61326
"2023-10-17 15:00:00",649,12.27,22.06,9.0734,5811.044,30.81434
"2023-10-17 16:00:00",650,12.27,22.33,9.054001,5572.189,31.09605
"2023-10-17 17:00:00",651,12.27,20.48,9.0734,5667.077,30.70615
"2023-10-17 18:00:00",652,12.27,18.74,9.0346,5863.396,30.55533
"2023-10-17 19:00:00",653,12.26,17.04,9.0346,6198.774,30.87544
"2023-10-17 20:00:00",654,12.25,15.53,9.0346,6488.344,31.03193
"2023-10-17 21:00:00",655,12.25,14.37,9.015201,6776.279,30.76276
"2023-10-17 22:00:00",656,12.24,13.4,9.015201,6956.238,31.24926
"2023-10-17 23:00:00",657,12.23,12.7,9.015201,7042.946,30.50225
"2023-10-18 00:00:00",658,12.23,12.02,9.0346,7077.302,30.65076
"2023-10-18 01:00:00",659,12.23,11.38,9.0346,7124.746,30.46455
"2023-10-18 02:00:00",660,12.22,10.74,9.0346,7162.373,30.40446
"2023-10-18 03:00:00",661,12.22,10.2,9.0346,7088.753,30.14063
"2023-10-18 04:00:00",662,12.21,9.64,9.0346,7065.85,30.3827
"2023-10-18 05:00:00",663,12.21,9.19,9.0346,7029.858,30.40284
"2023-10-18 06:00:00",664,12.2,8.79,9.0346,7065.85,30.57901
"2023-10-18 07:00:00",665,12.19,8.44,9.0346,7101.841,30.47576
"2023-10-18 08:00:00",666,12.19,9.66,9.0346,7042.946,30.70982
"2023-10-18 09:00:00",667,12.21,12.44,9.0346,6862.987,30.73159
"2023-10-18 10:00:00",668,12.21,17.09,9.054001,6694.479,30.61733
"2023-10-18 11:00:00",669,12.21,18.92,9.0346,6463.805,30.66872
